initial: 6
0.21944 0.03213 0.40400 0.34306 0.00133 0.00005

transition: 6
0.34414 0.30538 0.03419 0.10374 0.10643 0.10611
0.12839 0.21927 0.12979 0.36982 0.07518 0.07755
0.07172 0.04000 0.37145 0.33785 0.09328 0.08569
0.05126 0.28749 0.04556 0.00075 0.44993 0.16500
0.15133 0.12222 0.09958 0.24132 0.15377 0.23178
0.37028 0.13089 0.07740 0.10456 0.07176 0.24512

observation: 6
0.64199 0.71184 0.34807 0.22169 0.47850 0.51715
0.08477 0.08023 0.60610 0.04764 0.02621 0.05553
0.04135 0.07167 0.00622 0.00506 0.19740 0.10966
0.06684 0.01989 0.02161 0.14225 0.01187 0.03265
0.06797 0.00624 0.00703 0.54127 0.00392 0.02521
0.09708 0.11014 0.01097 0.04209 0.28209 0.25981
