initial: 6
0.40393 0.18173 0.07156 0.00911 0.13211 0.20156

transition: 6
0.13546 0.63492 0.05927 0.00863 0.06699 0.09473
0.30341 0.02566 0.17083 0.39007 0.00440 0.10563
0.21694 0.11271 0.18750 0.31590 0.08322 0.08373
0.07391 0.22690 0.06561 0.03916 0.47551 0.11891
0.18048 0.02097 0.05766 0.11955 0.11289 0.50845
0.71928 0.03883 0.02339 0.15108 0.03191 0.03551

observation: 6
0.02828 0.73368 0.14374 0.02067 0.15088 0.05909
0.00499 0.08639 0.18441 0.02031 0.03947 0.28773
0.02473 0.02483 0.01924 0.00198 0.02979 0.06952
0.93558 0.08400 0.46421 0.92146 0.18933 0.32013
0.00629 0.06889 0.18442 0.03428 0.07040 0.24148
0.00013 0.00221 0.00397 0.00129 0.52015 0.02206
