initial: 6
0.53117 0.16726 0.02856 0.17313 0.07940 0.02049

transition: 6
0.31417 0.22880 0.01219 0.38829 0.03959 0.01697
0.13227 0.00091 0.70530 0.00086 0.10030 0.06034
0.14115 0.28221 0.04196 0.47613 0.03893 0.01961
0.00009 0.00712 0.02141 0.01899 0.56469 0.38769
0.02971 0.09468 0.14771 0.09921 0.31648 0.31221
0.22120 0.31961 0.05994 0.25666 0.07227 0.07032

observation: 6
0.00683 0.50821 0.05052 0.92910 0.20934 0.02060
0.85819 0.03604 0.61520 0.02726 0.00001 0.00185
0.04841 0.38437 0.00000 0.00000 0.00000 0.01124
0.04739 0.04272 0.09639 0.01887 0.15073 0.20667
0.01106 0.01097 0.13685 0.01328 0.42676 0.48391
0.02812 0.01769 0.10104 0.01149 0.21317 0.27573
