initial: 6
0.00222 0.01081 0.33243 0.33270 0.28506 0.03677

transition: 6
0.26263 0.52536 0.00118 0.03662 0.13231 0.04189
0.10606 0.04595 0.10752 0.22333 0.13628 0.38086
0.04249 0.00074 0.49668 0.11334 0.00610 0.34065
0.02561 0.26366 0.00053 0.21782 0.44968 0.04269
0.01071 0.04483 0.02497 0.18061 0.39508 0.34380
0.51265 0.13812 0.01446 0.10148 0.16824 0.06504

observation: 6
0.51847 0.73287 0.01695 0.01653 0.17673 0.05436
0.04609 0.03144 0.93489 0.06963 0.02965 0.01284
0.00420 0.18623 0.01586 0.04153 0.19523 0.06061
0.02484 0.00883 0.00000 0.02076 0.02419 0.01024
0.30141 0.03294 0.00242 0.62484 0.54583 0.13636
0.10499 0.00770 0.02989 0.22671 0.02836 0.72559
