initial: 6
0.47503 0.14828 0.01341 0.00000 0.31300 0.05027

transition: 6
0.04546 0.70428 0.02646 0.12236 0.06118 0.04026
0.02493 0.05040 0.59264 0.30709 0.00782 0.01712
0.11269 0.04244 0.55914 0.23110 0.03631 0.01832
0.21061 0.11573 0.22968 0.31346 0.10311 0.02741
0.12079 0.06960 0.10504 0.01417 0.46918 0.22122
0.62902 0.13512 0.06472 0.01373 0.08972 0.06769

observation: 6
0.13765 0.65802 0.00478 0.00545 0.00542 0.17600
0.02524 0.08270 0.60276 0.65535 0.00307 0.35871
0.60524 0.10648 0.00816 0.09041 0.01077 0.04993
0.06183 0.01838 0.00224 0.00858 0.00178 0.00499
0.15552 0.10565 0.38090 0.23656 0.00485 0.00917
0.01452 0.02877 0.00116 0.00364 0.97411 0.40119
